4009921102860012621316
4009921102860012630513
4028938007581730045668
4028939110491379443673
4055984135740000313291
4055984139406004647228
4055984145837002111822
4055984146256012521760
4055984201640936443964
4055988344453008250412
4055989400019006010731
4055992226327009903159
4055992248570107851496
4097662455805088952378
4126118496823007646908
4126118574174000952686
4126118585968010501334
4126118609678009832877
4183580003081108612314
4183590102251114800114
4183590136969103744484
4311700318670008817030
4375070001784117417915
4404528102246828243939
4404528833421328058800
4450863110493390203018
4450863110493390140495
4450863110493390149256
4450863110527346654813
4563011009145127016379
4564680011693636731004
4617530108603500020074
4619840000183586411765
4649950000210018473391
4649950000251467426474
4688369437252232437852
4748443470012312632415
5125710492891117098152
5125710973753117289434
5179821008328000654334
5180960108889003388451
5180964262511007560761
5180964272113000860474
5188690119114115060624
5188690131767114263243
5188690374157106932584
5188690394332119456161
5188690408520105176874
5188860008736019246862
5191490869303009182010
5213873000492340456792
5218228503353009200451
5218228558385005349203
5239940000568153920920
5239940000592484533732
5243010009186136824132
5243010021360222056881
5243010044287113997521
5243010046556200262362
5243010069464217450130
5302200008823452706484
5302200379095292266314
5312100000005884769033
5318260000528089338551
5423398901667622633261
5425510000009203741204
5437619000329127341424
5437619000717800897241
5447578007098093804172
5451431500280037933400
5451431500325683276013
5451431500351267596360
5451431500376454262454
5452750011235118057743
5455122900741910977074
5464971245685003077593
5464971251461018957692
5464971610774002336890
5464983608022013678931
5464985186825006064990
5464985326262003819691
5464985390241008276373
5522809800020671689322
5522809800020697461820
5523660514905007528334
5545500106016124856452
5545506409287007216773
3540365430301075969360
3540598679701015971881
3562880507953106577143
4028920101121241221574
4028920101178902000290
4034190038030103105791
4034197900797164157778
4034197900908076935503
4034197901082178624846
4034197901510418847206
4055984318423002436556
4055984403559082432979
4183580006463113298511
4183580139587101902001
4183580157239106591601
4183590014857404144672
4404543022943792058381
4404543022943792337092
4539725700005980014897
4649950000017959924600
5102660110153381417470
5125710945958125253752
5125711143851203441070
5125711175359125042904
5149210011789100249414
5188690191613125032540
5213873000483737501412
5243010071936608451533
5423398901466090631551
5455122900818361963383
5455122900938045874771
5455122901614363171382
5488093910515407748111
5488093921081555543913
5488093921262080817423
5488098805071473518214
5520977000979707119102
4149150191035861314833
5464985031695000228064
5180964265023000207311
4183590110916104902444
5523505270932598997644
4147202207149970003872
5458840124034898880941
4622390110683096152075
4423948332405712954868
5248055570278502074340
5464985148559206026582
4009921104336128504413
4055984644767007853531
4126118252586004321811
4183590136775104077173
5455122902372755158551
5455122902372755214794
5455122902372755278500
5455122902372755327523
5455122902372755420092
5455122902372755747004
5455122909625700865860
5464983284738007656112
5488093920143182068861
5488093921155169932273
4921017801802028785980
5218228537925004468410
4034194500780989722659
4532488000921177021692
5455122901759382417972
4126118613669002920839
4748441360037431955943
4889079110069202807776
5179680926770119689481
5179689590187104609700
5400769520004321732493
5488093904923286371551
5545506472705018009611
4028920101004074554372
4055984474619005901290
4183580005059102028951
4520880017262849733159
5452750065721302302922
4034186200810199229234
4183590144883106280731
4532485900195456225058
4539716800248737547380
4392260015781659331590
4925055014736423740068
5203650603071487421840
4028939003915252415937
4404528832203081846510
5447588031258688904761
4748440940001388815616
5447588030260289998502
5424587001364416819212
5455122905962198255131
3562320031877109410080
4034186900147892825280
4126118576483003032534
4127777705172230622479
4215620003873963357455
4215620005655731912045
4388576074146161744341
4450863110486972951077
4662521160261943721097
5195977651046479516540
5286670510012945304661
5286671640034320882663
5286672690003546750703
5286673920011259220151
5286676070008223025212
5286676580161322161124
5455122909678238103751
5464981985144004559502
5464985306796004180561
5488093805431900349672
5488093908695070269640
5488093909439171223673
5520977001660553244712
3562320099443109127940
4034186901338169925762
4034194900550214613984
4034197900945490931929
4055988340343005014494
4126118630327014339806
4183580001897109531103
4188984900168692312398
4215620005111206933133
4220023607737549433201
4363920004536191536940
4364200484942006532163
4404528100503071001532
4404528101892283321016
4404531104247026436878
4450864110034721629130
4532485900545874155669
4539716800119086324009
4539716801167746405450
4563310017585310630744
4619840010184558427946
4619840110239328939724
4692792041995215945631
4748443170006879118568
5195977652099600593832
5218228505611107116920
5218228587506019722702
5237481625525932064053
5243010051048507211673
5243020507962201733764
5423398901474805237123
5423398901485504035864
5447588030980076312493
5452359606564005818954
5455122906305751801293
5464985307996009112450
5464985391387008368750
5488093805297681039653
5488093903197627223473
5488093908377802268631
5488093908922847952094
5488098805145368920900
5573176570001267698651
4034186900532721835688
4404541124454924341762
5243020090430038475180
5401278300026420550353
371001637162099471203
377781627105919469521
5241655002227238084590
4265697003379190727140
5464981947752001347671
5464981947752001195802
5464981947752001536692
5464985550418008832854
379605713862000015751
5490960111684057329320
370246032482557609664
372329556361007534302
4120397336893083136343
4147788574240798806788
4465420322627365214339
4622881049524641101639
5160750018940838272970
5465280038338203959062
5524751000089858415860
4539719000025723217719
5188690404761117350501
5488098805100942723854
376218741553006244530
379462222792009299042
376221629021005478764
375688983031005001791
376375325941005647050
372888294822000992861
378304994651008220180
376039396412011192900
377670271282480415481
377670271282480119682
377670271282480714481
5491237333508409012470
376212625391005775711
377852070190714775672
378317410521001495752
4009921962557013936290
377113486562008779710
377766201280964023522
4055988213116009533160
4147342014367256842807
4174875721608005847220
4342562988199079729310
4418409437663280824284
4532488000609525828572
4896780000610523944272
5149210005431008416680
5149210005431008553424
5149210005431008473812
5149210005431008603610
5195977652134449169650
5261132724871821599564
5423398200740724412752
5455122901707761677764
5525850006520327976722
5525850008887971029453
5525850009476139142932
5525850010910241080191
5525850011089417158071
5525850011280008915533
5525850011470641386991
5525850011865881860024
5525850012136902110501
5525850012956242655042
5525850013282085713113
5525850015011110023934
5525850015444451802982
5529296774870500687872
5529297034379621745884
5488093908960367012683
4635810001912697719336
4028939110601613217193
4028939110601613250648
4028939110601613642833
4028939110601613552969
4028939110601613024083
4028939110601613427452
4028939110601613055119
4028939110601613008589
5447588031090446338182
5447588031090446384801
5447588031090446572800
5447588031090446875620
5447588031090446384801
4538113458132069442205
5464983431072003690224
5488093903508435453291
5488093903508435305564
379624812781003102580
5451984689394169825242
377679000296505237624
4028920040474941218600
4532487200494100043066
4622390396926052211767
5239940000541069760033
5286670960008419913430
5312296000122461949724
5455122906189551354224
5455122909668445484022
5587691001090634863594
5587691001107685682411
4532485900524077827993
4532487200503306722669
4539720752887005234534
4608885900002702329071
5387208197040083451231
5401272133667021664032
371333033226008077572
4037840061081889331463
4034197900917085228098
4539716801646988228034
5149210011595101823783
5179820562127006537721
5203650600627836129711
5242028000023885143422
5312280200015527439413
5312295000009207207212
5312295000019529408471
5312295000144210230010
5587691001115233042161
4054616470121674043559
4532485900310337459323
5177900010326202521974
5177900010337613250584
5279341725137393961281
5520405360536024584931
377670272391314418304
377672000611757632414
377672000611757667680
377672000611757700541
4009935600331011654579
4034190176721000020414
4034190283751007825994
4034194100177578548772
4034194500380152503390
4034194900003602956489
4034194900020440430114
4034194900020440039351
4034194900020440937320
4034194900074942759116
4034194900074942554908
4034194900074942512892
4034197900775681237094
4034197900965456840385
4034197901386439903032
4055984174925009409891
4055984459947009117491
4055992300496001848716
4126113218029009041496
4183580158841108628981
4183590144697100315782
4183590183658104710372
4188984904254605825989
4283320036215517445331
4341439260499009839583
4363670004176296038757
4388576073370697441335
4450863110350806235678
4532480256519102031983
4532480256519102543039
4532485900426695930767
4532487200490058213939
4532487200544003806503
4532487200544003727798
4539669008240313527210
4539669008240313916879
4539716801301592336109
4539716801301592635993
4539721880547008240624
4539725700812732223452
4553880055245110016484
4573580402213003655272
4619840000188171738288
4619840110383720454860
4628880200550001226253
4636703215874705317134
4848100036167449118659
5125711208455106354102
5156030000046126425304
5180963636532004679662
5181780000447521195690
5188690179085114060352
5213871000244810619794
5218228531321002246363
5218228550276004262584
5218585000635117311022
5241373002415130495271
5243010068791107966591
5302200401857933577024
5400769300128449160392
5400769300128449273163
5404786530181382505463
5423398901423935890362
5447588030723310607241
5451431500161161846512
5451431500161161001060
5451431500161161953494
5452359600865002120202
5455122900869240593014
5455122909171564474122
5455122920044063872023
5464976405911008703013
5464983317292006203730
5464987432415004243913
5483520220170320972901
5488093906123778184750
5520977001432946725200
5520977003409009313973
5179689502474004086524
5179689502474004149872
5179689502474004019704
5455122902159699538224
5488093903692882649852
5488093915458264800571
4055989485001002557281
4748441520012621053497
5464985371241001313702
4034186901116920432222
5243010066353207896910
5464971109092106252931
4034186900273128811636
4293820785076018032516
4450860110122672123602
4532480002551003538064
4532485900063837616923
4539716800491691821722
4622670662125699606391
5179688871156010605681
5179820572610009102070
5218228548777006066812
5243010016232220126561
5312295000046134802750
5312295000055689117002
5312295000055689076010
5312295000134146571444
5312295000140085185511
5400769300153801936053
5455122902247916203352
5455122905784097835154
5455122906381695154354
5488093906198655217890
5488093914351429178091
5488093920441982582013
377670272042164324811
377670272368460282094
377671026410012295822
377672000119041552751
377672000230905855751
377672300305373748450
4028920022586910110100
4028920028862422149484
4028920100752772743580
4028920100752772722819
4028920101046380043518
4034180102409002636238
4034197900886314843427
4034197901377156841186
4034197901392981327319
4034197901531653959725
4054616230146516645914
4183580089234100542182
4183590076772103902492
4183590132123101826512
4532485900463854358721
4532485900506595518683
4532487200358412615210
4532487200449419347880
4532487200603486705874
4532487200612545853626
4532488001154745654043
4539716800382072750098
4539716801137095351291
4539716801268262835582
4539716801762546653017
4539716801863278257899
4539725700769734722878
4573580409899101849496
4573580409899101353970
4585460005090247039147
4601860116100977544623
4619840110684234647318
4619840110776824012915
4649950000236658564244
4921599005251367857549
4921818839752436211562
5177900010240874576081
5178057846152721487580
5180964345944001452754
5188690176659101439221
5218228536660008139392
5218228549591109569593
5243010060169203689691
5400769300061848143100
5400769300128209053434
5423398901344628483070
5423398901795225612654
5447578007375517592154
5451431500419684502084
5455122900128258058243
5455122900128258667264
5455122900897787357620
5455122901502402029433
5455122902240952855922
5455122902347971930594
5455122906360426463333
5455122909614324632271
5455122909666035870144
5455122920030740514933
5464971222806010209720
5464985188779508468244
5488093900246518589812
5488093909095486372224
5488093909579042103804
5488093921151408410330
5488093921168980301150
5488093925357571050941
5488093929132798586081
5488093929132798636221
5520977002291366264121
5520977002843430207812
5520977002894987832701
4055984184272020113554
5455122901705567605394
4055992225944010839698
4183590007959100017500
4183590007959100996143
4662531182588918030142
5302200109682328621811
5455122901428988073150
5455122901428988045641
4731150303168166400287
5243010052897134910682
5444343308736237488532
370285002130192789514
4388576057246640829345
4465420493838205033259
4034194900629158714774
4034197900077732148173
4450861110016831522500
4532485900197262849674
4532485900559560825386
4539716800357926741993
4539716801085740001035
5179681065393002821672
5188346160146007324381
5188690113688122896374
5425503000499508984832
5455122901914706495522
5455122902538264216242
5455122902613505648041
4029445052168669733437
4539716800818273949079
5577532070109404785813
379183819828226112571
4330288662278914814720
4518421185299729215309
3584030018703822781744
4034197900747953836520
4980200010225961735524
4388641855334590107535
4147098229800214100259
4147111252868162705187
4147290038506112101614
4147463001909791606366
4147463002113799610841
4306797000107635805030
4342579003152149712885
4532200003049827101161
4622670110426053313415
4649950000121561443362
4980118011248073325155
4998970716017413030993
5405063199827633999684
5452290100614840147971
5466308903801622042742
5473233300000597859712
5529292285842005675410
5529293263589006139913
5533815000163952860020
5533901011077926015092
5592430001229485857423
376214461091012847464
376220285581005846000
376221419141005847413
376229377231007848761
377662000590671561323
4404528831489632329006
5286673140024645702064
4748443300014058708441
4009936880222201011444
4028920101227238502898
4028939111500574228899
4034197900518354131835
4034197901106209324855
4293820703651009622903
4364200650987595206149
4365000025012221355494
4450863110349964611533
4450863110349964802569
4532485900075971908361
4532485900636137533106
4532487200435905659111
4539716800123021518537
4539716801707129637088
4539716801808729026474
4539716801871735257919
5125710453252119065682
5178059832033881885122
5239940000595131851600
5243020520514005220892
5447588005131192259023
5455122902004895641380
5488093929084379443063
4034186901316033201767
4055988259395004729504
4347697041780138653680
4532485900598121409721
5179821031377008130420
5213871000034120091513
5464983446892007778862
5464983446892007739171
5464983529981008639213
5464983529981008677573
5464985334390002070404
5488093805398836463071
376359240232005124944
372281995744022498411
377266448322018502620
4569971066475614259349
4946083338291334859306
5405063218852398558472
5522809800067524908462
5525850012649664081493
5525850013367514828773
5525850013930881426052
5525850015537585958052
376336119843005785632
377672400073269778703
5455122909236029511541
379634460021008354664
379634832891005405783
5286671670048349646672
5488093805114563826121
4009936857892010108264
4009936857892010131267
4009936857892010849987
4009936857892010036429
4009936857892010105162
4028920004834668857886
4028920101039047717822
4028939104594303248007
4028939111475207840300
4055992219630013242981
4126118578354004637780
4183580141915100543180
4532485900531692814047
4539716800463609506323
4619840000168306149628
4619840010126377256607
4619840010172611421419
5125710760587116845444
5179688013004003524002
5188860030650006874412
5203650601240126095183
5203650605523139779810
5312280100057348178093
5339463560042179041900
5423398901806030495292
5437619000283555257902
5447588009694559561852
5447588014901650810902
5447588031348612843681
5451431500295472367913
5455122902655019136992
5488093903427875107464
5520977000629393759214
5520977001669000490074
5520977002580438110553
5520977003059515184450
3562320078373103954782
377672300065290261874
377672300238178123124
4034186000118561401047
4034186201238267210171
4055992284797002728500
4450864110165665955807
4539716800468517501905
4539716801625875030477
4539716802167943421599
4573580402923015925009
5125710588919319997971
5125711221260103460891
5180968100281103231224
5203650605333869237501
5239545969049002044660
5423398900219300694404
5447588006984524595063
5447588031196862777501
5464981910836005294070
5464983529752300364791
5464985104710207234202
5464985372995001556542
5488093904904534047530
5488093906736918720550
5520977002673530173813
5523660517807002531952
4183590203847109587570
5520977002298890266270
4009936855618003634001
4028920101032075812033
4034186901154392935825
4034194100728446928149
4054616230560062525281
4055984954669009524292
4293820721452000452616
4539716800855820145867
4539716801440762607971
4573580495289001212281
5125710703522113138101
5180960071790063723091
5180964500215205401901
5188690395705115226872
5239940000403096091254
5423398200421747892493
5423398200441349086442
5447588011989385181504
5423398901441788312254
4055992254887023112814
4539716800072749508060
4539716800547443244734
5195977650833562027862
5455122901007964630172
5488093914237453501890
5474152225374334244304
5401272953147005579483
5447588009217104490834
5464983523072002296900
5483520220189510996684
4539031056270231441367
4183580167234204623850
377672000470816023141
377672000470816984811
4034194100634669516492
4126118327299005352238
4450863110493390925530
4532485900100936034173
4532488100329164411186
4649950000020904061953
5149210000673000795194
5239940000309699102303
5480950002518102701262
5488093920099624063032
5520977002937562456823
4183580035123100558781
5455122900838138139901
5464985046671103752533
371275877695006169104
377672400107687836251
4055984200269745303366
4619840010234270843584
5125710892288104298262
5451431500350046893684
4183580076697103442302
4034186900369025733392
4034186900369025620753
4034186900369025218713
4034194100578445045519
4034197900438173047001
4055984227863017727500
4055987629701008011939
4055992302221001604435
4293820744049007056993
4311700321314008914949
5188690339508104308694
5188690430363102033462
5451431500110457376692
5455122901041419678851
5455122901781758575370
5455122902407585895312
5464983327785007460892
5464983436668003639261
5464983595105003917402
4293820507218112921013
4539716800838305540488
4619840010182958008892
5520977001858306082852
5201690617788165429320
4465421091905370309390
4055984366527027027254
5488093905863713272593
4375070004188126244243
4055992293747006629693
5437619250021911463683
5455122909281769255441
4028939110383345946621
4365240010006354954275
4365240010006958223960
4571799007930363735903
5125711278879102336633
5179688290323209811221
5522809800051510646751
5125711210090107401500
5188690218882109903692
5488093907922020070813
4000220229982976633680
4000220329805853815025
4026212262286597032254
4614220000134555914680
4614220016686598804854
4899040005187796538553
5318260000860227970520
5488093908780765517842
4183580092972118231641
4034197901181996202377
4532485900023823830274
4532487200542551614758
4539716800178702149836
5188690300306124469131
5188690439382103992473
5203650603169620581282
5243021109742009972933
5312280200018141328691
5452750065025209850961
5455122901693409171421
5523660516877303391411
5587691001081682674302
4532480093439001643336
4649950000058888462382
5455122902538108389774
3562320006892109665272
377671320467478457920
4183590157124109530921
4034194900555486539664
5405063219017611582840
377671321191341628154
4034197901065082615628
4147371175484253259231
5125710589365116430192
5466160346302233996092
5488093906845131690083
4649950000261987365901
4188984904288686910799
4450863110291273014589
4692791022616790515493
4856200205300307126418
5180960094081045791722
5188690241247114818453
5188690427896114124862
5194631970054182603111
5286671740022365441874
5286674740001132964491
5286676070027165300471
5400769300095887911941
5433330418235823633472
5455122902565200277721
5464971206060006989552
4183590162550207177061
4147202196909541111794
5424181071634898071111
