4404530389519539114957
5455122902400614876640
4266841398800605537505
5188690178399201078413
5195977651869755792691
5286670660144472879773
5464983611387015283273
5545506463707007184162
4126118551698005409735
5124645932538004621872
4034194100147662215867
4055988304213004046922
4388576086958322533417
4388576086958322832331
4450863110511779320181
4532488001416789704167
5125710773166106024070
5400769300016412211624
373764003911005583142
4400669423667856206447
5121072110293208483632
5523660509641005087324
376220310563002671572
4079160178505137140591
4079160178505137603390
5522809800080964794881
5455122900615627821693
3562770046103026078962
4147202194923056243672
4532488000060943156083
5464971235020005284023
5452750006217105789522
371571589853002250144
5218228517373001497851
376216572311007496550
3562320007569102171693
4055984394148119857114
4126118581328003547380
4404531138456429319472
