4034197900773405424736
4028939110225132611143
4034186000222892658137
4034194500249688420358
4034197900393899336584
4055984385691002917501
4147463000431037500292
4183580029420108651254
4293820745345008135200
4500600034053466853001
4539716801189963125879
4705863000288887944723
4771240001706143744035
4925575000712492356687
5178057290912885376942
5179821001234007902221
5188690118791129097000
5226040300167718217451
5312295000034783364392
5312295000105666094383
5312296000107967277000
5423398200113906831740
5455122902127118996543
5455122902577080339462
5464985311231302207011
5587691001077987003842
5587691001077987806202
5587691009011608001733
377670271230489169351
4663047846394600107454
5181271088042319524034
5181780000418191273904
5181780000418191900493
5185420000238804742153
5191490909864002491170
5213871000265930130070
5213871000265930507414
5213871000265930607064
5228790017360307680421
5228790017360307216144
5336539700431159120361
5455122901656299514941
5464983201425464852900
5464983921416017811804
5464985026265108992450
5464985915826002721043
5488093805103210590040
5488093800017092543590
5424587001480584968320
4183590203262101048091
4183580080071105842234
4404540656439758525535
5149210005176108957950
5243371171258578329233
5455122901791666142724
